pal_dolphin <- c("pink","#FF00AE", "#A020F1", "#000000", "#0403E5", "#FF8C01", "#8B0101", "#007502", "#FE0000", "#FFFF01", "#FF99CB", "#4A95FB", "#61FE69", "#9A7A01", "#017F8B", "#05FDFF", "grey")
